c_float: 1.14269848
gamma_float: 0.01619248
n_uint: 7
