c_float: 1.46105448
gamma_float: 0.011361350000000001
