c_float: 0.87039389
gamma_float: 0.0076386200000000005
